 0
 41
 -2 -1.95122
 -1.9 -2.04852
 -1.8 -2.15569
 -1.7 -2.27425
 -1.6 -2.40602
 -1.5 -2.55319
 -1.4 -2.71845
 -1.3 -2.90503
 -1.2 -3.11688
 -1.1 -3.35878
 -1 -3.63636
 -0.9 -3.95604
 -0.8 -4.32432
 -0.7 -4.74576
 -0.6 -5.21739
 -0.5 -5.71429
 -0.4 -6.15385
 -0.3 -6.31579
 -0.2 -5.71429
 -0.1 -3.63636
 0 0
 0.1 3.63636
 0.2 5.71429
 0.3 6.31579
 0.4 6.15385
 0.5 5.71429
 0.6 5.21739
 0.7 4.74576
 0.8 4.32432
 0.9 3.95604
 1 3.63636
 1.1 3.35878
 1.2 3.11688
 1.3 2.90503
 1.4 2.71845
 1.5 2.55319
 1.6 2.40602
 1.7 2.27425
 1.8 2.15569
 1.9 2.04852
 2 1.95122

-2
2
40